function yprime=mymode1(t,q)
uw1d=0.;
uw1=0.;
uw2d=0.;
uw2=0.;
uw3d=0.;
uw3=0.;
uw4d=0.;
uw4=0.;
l1=2.85;
d=0.7;
l2=1.1;
g=9.8;
mb=15000;
Ixp=26457;
Iyp=2450;
mt1=90;
mt3=90;
mt2=164;
mt4=164;
k1=251000;
k3=251000;
k2=1000000;
k4=1000000;
kt1=1100000;
kt3=1100000;
kt2=4400000;
kt4=4400000;
c1=40000;
c3=40000;
c2=4000;
c4=4000;
ct1=3500;
ct3=3500;
ct2=12600;
ct4=12600;
gg=[g 0 0 g g g g]';
M=[mb 0 0 0 0 0 0;
   0 Ixp 0 0 0 0 0;
   0 0 Iyp 0 0 0 0;
   0 0 0 mt1 0 0 0;
   0 0 0 0 mt2 0 0;
   0 0 0 0 0 mt3 0;
   0 0 0 0 0 0 mt4];%质量
c=[c1+c2+c3+c4              -c1*l1+c2*l2-c3*l1+c4*l2        d*(c1+c2-c3-c4)              -c1   -c2    -c3   -c4;
   -c1*l1+c2*l2-c3*l1+c4*l2 c1*l1^2+c2*l2^2+c3*l1^2+c4*l2^2 d*(-c1*l1+c2*l2+c3*l1-c4*l2) c1*l1 -c2*l2 c3*l1 -c4*l2;
   d*(c1+c2-c3-c4)          d*(-c1*l1+c2*l2+c3*l1-c4*l2)    d^2*(c1+c2+c3+c4)            -c1*d -c2*d  c3*d  c4*d;
   -c1                      c1*l1                           -c1*d                        c1+ct1 0 0 0;
   -c2                      -c2*l2                          -c2*d                        0 c2+ct2 0 0;
   -c3                      c3*l1                           c3*d                         0 0 c3+ct3 0;
   -c4                      -c4*l2                          c4*d                         0 0 0 c4+ct4];%阻尼
k=[k1+k2+k3+k4              -k1*l1+k2*l2-k3*l1+k4*l2        d*(k1+k2-k3-k4)              -k1   -k2    -k3   -k4;
   -k1*l1+k2*l2-k3*l1+k4*l2 k1*l1^2+k2*l2^2+k3*l1^2+k4*l2^2 d*(-k1*l1+k2*l2+k3*l1-k4*l2) k1*l1 -k2*l2 k3*l1 -k4*l2;
   d*(k1+k2-k3-k4)          d*(-k1*l1+k2*l2+k3*l1-k4*l2)    d^2*(k1+k2+k3+k4)            -k1*d -k2*d  k3*d  k4*d;
   -k1                      k1*l1                           -k1*d                        k1+kt1 0 0 0;
   -k2                      -k2*l2                          -k2*d                        0 k2+kt2 0 0;
   -k3                      k3*l1                           k3*d                         0 0 k3+kt3 0;
   -k4                      -k4*l2                          k4*d                         0 0 0 k4+kt4];%刚度
kt=[0 0 0 0;0 0 0 0;0 0 0 0;kt1 0 0 0;0 kt2 0 0;0 0 kt3 0;0 0 0 kt4];
ct=[0 0 0 0;0 0 0 0;0 0 0 0;ct1 0 0 0;0 ct2 0 0;0 0 ct3 0;0 0 0 ct4];
w=[uw1 uw2 uw3 uw4]';
wd=[uw1d uw2d uw3d uw4d]';
yprim(1)=q(8);
yprim(2)=q(9);
yprim(3)=q(10);
yprim(4)=q(11);
yprim(5)=q(12);
yprim(6)=q(13);
yprim(7)=q(14);
qd=[q(8) q(9) q(10) q(11) q(12) q(13) q(14)]';
q1=[q(1) q(2) q(3) q(4) q(5) q(6) q(7)]';%q=[x;φ;Ψ;xf;xm;xr];%自由度
qq=kt*w+ct*wd-M*gg-c*qd-k*q1;%主动力矩阵
acc=M^(-1)*qq;
xxz=acc;
yprim(8)=xxz(1);
yprim(9)=xxz(2);
yprim(10)=xxz(3);
yprim(11)=xxz(4);
yprim(12)=xxz(5);
yprim(13)=xxz(6);
yprim(14)=xxz(7);
yprime=yprim';